1183801555465752581
1193167151596634112
1227958478339104768
1230534173091340296
1286677970266988545
143810986
1492508913689788418
1511542944112988162
1515136316807139329
1553402250789208064
1592452085005651969
1618360480757870593
1629356477893705728
1639914264914968577
1674199303085228032
1676310385530400787
1685800012318654464
1688928347525685248
1695808089084010496
1699323634102480896
1701246471507488768
1712258321779245056
1718139047296761856
1720402158800216064
1734483664548118528
1738853518323421184
1745524102654496768
1755630504462708736
1755864806836592641
1759528747219525632
17595489
1769399991062421504
1774105371269033985
1778055639048327168
1780499825366269952
1782320824818806784
1784154545326784512
1785641323913203713
1786551113514442752
1786604014635008000
1789862146458734593
1794530365081812992
1796731320498032640
1796882722469953536
1797065616408580096
1797278059546259456
1797855343889850368
1800845437257031680
1801389728216018944
1802054187636977664
1805537522392645633
1805880043505434624
1807748327947358208
1809137343045251072
1810055471761588224
1815782122470404096
1822624949699559425
1824435846583554050
1826509990963634176
1827692359447937024
1830442242760421376
1840354973424754688
1845636239015268354
1850991141459488768
1855754966583197696
1864030521757696000
1867027676118257665
28940967
3175788704
551940093
886419057322348545
931100389025366016
978350900031864832
984399129622319112