1072109417200414720
1121222863254515712
1185947334577799168
1213730620012032001
1237891169822146560
1490413154383196161
1514974594540589063
1577812987754123264
1604181895721504771
1606113722967244801
1637040866526396416
1641481693336072192
1673386998097416192
1709471699824267264
1731240511011471360
1760261091429638144
1769266771859574784
1786559149439922177
1790893006612017152
1793627065180401664
1796564644745588736
1812368691595800576
1817429092716957696
1822922661174910976
1827735924907839488
1831255458109349888
1837477888670814209
1842142573252743168
1852941114036334593
1859072370117685248
1860294004845477892
1861724583394738176
1863414616233213952
1867111036836515841
1879817649607368704
1888412113355579392
215939847
403062686
872634599058186242