1004555905113862144
1011566165208920064
1194797560717660160
1221043851185405952
1233780189424832519
1327850160915824642
1444165224454447106
1555099634
1570202216325328897
1574014698722189313
1586332050528915457
1596744384149540865
1600633555620712453
1608272676573057024
1684899321978998784
1698879145135296512
1709734750967980032
1712071013637427200
1725405409400455168
1762312733083742209
1765077012090404864
1770520808139403264
1774112412335271936
1775714317549387776
718965747779706881
824143530650169344
825600240401014784
885667620510236677
910162985024290821