1003643023517814784
1093517265922752512
111942564
1224414385927409664
1239547889199833088
1252480215067979776
1277970747034492928
1346830626683580416
1397245389963546624
1407309115806814219
1470430807508807680
1513152768634425346
1547989879157428224
1564223279375994885
1591374856813019136
1628209056287686658
1642314128432701440
1643719098839302145
1650936751857213467
1688059560517373952
1695700004676206592
1726034677071216640
1734831647164616704
1746496815556329472
1777769860807766016
229617482
2667428789
3460383084
747878978866843648
858124064476479488
870984790639394816
912623216899715072
936258166085390337