1123197009995763712
1398199504197799937
1460889626600685572
1467516400952504321
1545717244743012352
1639246416362246144
1737239816729767936
1746077088539701248
1750768732933394432
1761339337390661632
1765882577125355520
1766684506076180480
1773216387592605696
1775849648298876928
1775948167395332096
1776565979071610880
1779640558178414592
1781445875631259648
1783691565052964864
1786688061373382656
1786691683075440640
1786765345514278912
1786812856870064128
1786977431854977024
1787382698790854657
1866681990
22021565
44299475
718390966